0
1
33
0 -9.589242746631385
1 -8.887860962054972
2 -7.871622271920252
3 -6.576527438463538
4 -5.0484558418200205
5 -3.3415401801096145
6 -1.5162487916186207
7 0.36275646623011193
8 2.2289108954130916
9 4.01610504491897
10 5.661026671009052
11 7.105403605015557
12 8.298068073967837
13 9.19676934445919
14 9.769670475941563
15 9.996476160216565
16 9.869151692846454
17 9.39220760656449
18 8.582539883404165
19 7.468831406112299
20 6.090535852728122
21 4.4964800303693355
22 2.7431341612477533
23 0.8926113968946698
24 -0.9895325711982168
25 -2.836621854632261
26 -4.583222394689058
27 -6.1674599964822665
28 -7.533212253158423
29 -8.632096710139038
30 -9.425184837694855
31 -9.884381093518957
32 -9.993418221319882
